   FilterB1
      0.0000000000966139663398867220000000000000
      0.0000000003864558653595468900000000000000
      0.0000000005796837980393203300000000000000
      0.0000000003864558653595468900000000000000
      0.0000000000966139663398867220000000000000

   FilterA1
      1.0000000000000000000000000000000000000000
      -3.9835812586585213000000000000000000000000
      5.9508784292666990000000000000000000000000
      -3.9510124365728339000000000000000000000000
      0.9837152675104788900000000000000000000000

